11329.854736
6284.972302
4515.5537802
3657.3606199
3154.9772628
2825.6484424
2594.1087365
2423.7728388
2290.3045322
2185.4656402
2098.4081087
2026.5086252
1964.1369855
1911.8548416
1864.9602397
1822.3429788
1784.1063057
1750.6541897
1718.0709843
1689.6900904
1662.7879301
1636.3628956
1612.9730885
1589.6154751
1567.6346965
1546.6534289
1525.5186172
1506.2595461
1487.054838
1468.2062572
1450.1177496
1433.2785494
1416.24947
1399.6517082
1382.1576451
1366.4832471
1350.3817532
1334.6384073
1319.0660398
1303.5013462
1288.8017399
1273.8426783
1258.515384
1243.7248951
1229.3883897
1215.433744
1200.7982837
1186.4277028
1172.2751209
1158.3002615
1144.4687313
1131.7513875
1117.1237788
1104.5656523
1090.0605138
1077.595237
1064.1597137
1051.7465388
1038.3507267
1025.9694544
1012.6018269
1000.2486637
987.9123018
975.5964145
963.3058435
950.0464414
938.8249268
926.6487462
914.5259449
902.4650457
891.4749327
879.5647429
868.7437622
856.021327
845.4067314
834.9091388
823.5374985
812.3004676
801.206337
790.2629631
780.4777039
769.857361
759.4081256
749.1355311
739.0444102
729.1388577
719.422199
709.8969638
699.5648652
690.4267848
681.4827625
671.7319917
662.1728198
653.802753
644.6184661
635.6158168
627.7898628
618.13488448
610.64440907
601.31123902
593.12748241
585.08458578
577.17336872
569.38406009
561.70633525
554.12935417
546.64180002
539.2319179
531.88755345
524.59619118
517.3449921
510.1208306
503.91033030
496.69989884
490.47576129
483.22399221
476.93054628
470.58128735
464.16201593
457.65849505
451.05647459
445.34171381
439.50000255
433.51718063
427.37915584
422.07192045
416.58156621
410.89429806
405.99644648
400.87447858
394.51500806
389.90480399
384.03079858
379.88009389
374.43996775
369.69787867
364.64147007
359.25857369
354.53721239
349.46560225
345.03215418
340.22547488
336.03436748
331.44783163
327.45506319
323.04545368
318.20858924
314.93424949
310.21240596
306.03322041
302.3870429
298.26440969
294.65604101
290.55283864
286.94588344
282.82643275
278.18591767
275.01594038
271.30827128
267.05484619
264.24776343
260.87928094
257.94181338
253.42792917
250.33034765
246.64193605
243.35570671
240.46481407
237.96255194
233.84235059
230.09777394
227.72251683
224.71040223
221.05537858
218.7515171
215.79300917
212.17416376
209.88940487
206.93326909
203.30040302
200.98556104
198.98360279
195.28949096
192.89828895
189.80515868
187.00535844
184.49424065
181.26724988
179.31992075
176.64787593
174.24682419
171.11255849
169.24095409
166.62796671
164.26963077
161.16205763
159.30143386
157.68401957
154.3061468
152.16421792
149.75470405
147.97414354
146.641940856
